124 125 223 224 225 
1 2 126 127 128 
146 147 148 
101 102 203 204 205 24 25
62 63 64 163 164 165 186 187 188 
12 13 14 136 137 138 
51 52 153 154 155 176 177 178 
74 75 173 174 175 196 197 198 
112 113 114 213 214 215 
31 133 134 135 156 157 158 
43 44 45 143 144 145 166 167 168 33 32
81 82 83 183 184 185 206 207 208 
93 94 95 193 194 195 216 217 218 
6 7 8 131 132 
18 19 20 141 142 
26 27 129 130 151 152 
38 139 140 161 162 
49 50 149 150 171 172 39
56 57 58 159 160 181 182 37 
68 69 70 169 170 191 192 
76 77 179 180 201 202 
87 88 89 189 190 211 212 
99 100 199 200 221 222 
106 107 108 209 210 
118 119 120 219 220 
3 4 5 
9 10 11 
16 17 
21 23 
30 22
36 28 29
35 34 42
46 47 48 41 40 15
53 54 55 
59 60 61 
65 66 67 
71 72 73 
78 79 80 
84 85 86 
90 91 92 
96 97 98 
103 104 105 
109 110 111 
115 116 117 
121 122 123 
