373 374 375 
442 
346 347 348 
25 26 27 28 29 60 61 92 
163 164 176 188 200 393 397 
295 296 297 298 299 321 322 323 324 429 430 59
184 199 210 220 226 
227 234 405 
7 8 9 10 11 41 42 43 74 
205 217 404 408 409 412 
83 84 108 439 
104 115 127 386 387 441 
421 424 425 
268 272 420 423 438 
113 125 383 384 
133 146 158 169 
345 365 366 367 368 
343 352 353 354 355 
252 253 254 255 417 418 
143 155 156 166 167 178 179 180 394 395 398 
273 276 279 281 282 
1 2 3 4 5 35 36 37
174 186 187 396 399 
105 106 117 
241 242 243 
31 32 33 376 377 
12 13 14 15 16 46 47 48 79 71
20 21 22 23 24 54 55 56 
116 138 392 
213 222 230 
280 283 284 285 308 426 440 
109 110 120 121 122 131 132 385 391 
161 172 185 
369 370 371 372 432 
182 195 196 197 206 207 208 218 52
177 189 190 191 201 202 203 214 402 
300 301 302 303 304 325 326 327 328 329 
290 291 292 293 294 316 317 318 319 320 68
129 141 154 165 
286 287 288 289 312 313 314 315 340 
259 260 261 419 422 
112 124 350
237 265 414 
135 148 160 171 
356 357 358 434 435 53
344 362 363 
336 337 338 427 
211 212 221 403 
6 38 39 40 70 72 73 
144 145 157 168 181 194 
170 183 198 
240 267 270 271 274 277 
305 306 330 331 332 
233 256 257 258 
236 262 263 264 413 416 
17 18 19 50 51 
119 130 142 388 390 
278 
341 342 428 
349 351 
137 150 151 152 162 173 389 88
192 193 204 216 225 
175 62 
30 63 64 93 94 95 96 101 379 380 436 69 77
107 118 
111 123 
128 139 140 153 
134 147 159 
209 219 410 411 80
228 235 406 407 
229 244 245 246 247 
238 239 266 269 
359 360 361 
248 249 250 251 415 
34 66 67 
44 45 75 76 78 99 
57 58 89 90 91 
215 224 232 
223 231 
309 310 311 339 433 
400 401 
102 103 114 
126 136 149 
307 333 334 335 
275 437 
364 431 
65 97 98 
85 86 87 378 381 382 
49 81 82 100 
